7 15
-2.39779e-09 5.70961e-18 8.43854e-17 8.23523e-17 6.8653e-33 1.43042e-12 -4.622e-36 
-3.62784e-09 1.31308e-17 1.35801e-16 1.34185e-16 1.85248e-32 2.91532e-13 6.4989e-36 
-2.41135e-09 5.7745e-18 7.2316e-17 7.03605e-17 5.02218e-33 1.46435e-12 -4.71707e-36 
-3.0458e-09 9.24649e-18 6.59467e-17 6.48252e-17 4.3766e-33 3.47489e-13 2.61305e-36 
-3.52605e-09 1.24031e-17 3.87988e-17 3.79615e-17 1.52243e-33 1.99089e-13 1.47397e-36 
-2.81374e-09 7.87713e-18 3.93203e-17 3.75964e-17 1.47448e-33 1.21683e-12 -4.17539e-36 
-2.97309e-09 8.7994e-18 4.25696e-17 4.07486e-17 1.73428e-33 1.1273e-12 -4.79486e-36 
-3.55266e-09 1.25912e-17 8.64135e-17 8.51416e-17 7.51572e-33 2.59305e-13 3.82454e-36 
-3.06473e-09 9.36199e-18 8.41917e-17 8.2913e-17 7.12351e-33 3.7795e-13 3.44167e-36 
-3.38118e-09 1.14025e-17 2.83682e-17 2.76556e-17 8.15516e-34 1.98888e-13 9.96775e-37 
-2.48768e-09 6.14854e-18 8.53032e-17 8.3196e-17 7.01155e-33 1.41348e-12 -5.57113e-36 
-3.43557e-09 1.17736e-17 5.91074e-18 5.59552e-18 3.59966e-35 1.16571e-13 1.41074e-37 
-2.2585e-09 5.0606e-18 5.05033e-17 4.88385e-17 2.42923e-33 1.58624e-12 -3.30278e-36 
-2.51103e-09 6.2649e-18 5.54849e-17 5.36375e-17 2.94028e-33 1.44422e-12 -4.67899e-36 
-3.04829e-09 9.25406e-18 1.26875e-17 1.15988e-17 1.53032e-34 8.75308e-13 -1.28716e-36 
7 16
-8.02467e-10 6.09223e-19 5.04174e-19 3.95309e-19 2.32884e-37 1.4559e-12 5.59868e-39 
-2.30768e-09 5.29194e-18 1.05505e-16 1.03836e-16 1.10504e-32 1.20069e-12 1.59555e-36 
-1.18055e-09 1.35455e-18 6.26338e-18 5.74712e-18 3.45379e-35 2.77475e-12 -1.13622e-37 
-1.60036e-09 2.53073e-18 5.56337e-18 5.24359e-18 3.14555e-35 6.91601e-13 1.09985e-37 
-1.78882e-09 3.16104e-18 2.91662e-18 2.43288e-18 7.39678e-36 1.6942e-12 -1.68652e-37 
-1.30439e-09 1.66134e-18 6.23175e-18 5.66424e-18 3.37511e-35 2.76721e-12 -2.14501e-37 
-1.10469e-09 1.1811e-18 4.69175e-18 4.24239e-18 1.89487e-35 3.00655e-12 -8.47872e-38 
-7.32129e-10 5.01417e-19 2.79575e-19 2.01889e-19 6.96979e-38 1.44093e-12 2.52499e-39 
-2.07653e-09 4.28104e-18 2.6263e-17 2.55397e-17 6.9347e-34 6.66949e-13 7.24537e-37 
-1.93973e-09 3.73316e-18 4.39688e-20 2.43819e-20 1.74472e-39 9.55826e-14 1.41505e-40 
-1.61091e-09 2.55519e-18 4.03987e-18 3.49943e-18 1.4088e-35 2.12453e-12 -2.24897e-37 
-2.37307e-09 5.5975e-18 1.24229e-16 1.22365e-16 1.52987e-32 1.29108e-12 1.22391e-36 
-2.10369e-09 4.39382e-18 4.54805e-17 4.44865e-17 2.06786e-33 8.59706e-13 1.19534e-36 
-2.05195e-09 4.18094e-18 9.84388e-19 8.61433e-19 1.01877e-36 2.23368e-13 1.32439e-38 
-1.20155e-09 1.40488e-18 7.15272e-18 6.61244e-18 4.56418e-35 2.6306e-12 -1.06621e-37 
-8.15616e-10 6.30212e-19 7.96306e-19 6.54813e-19 5.77829e-37 1.70692e-12 9.29705e-39 
7 9
-2.36441e-09 5.55524e-18 8.70318e-19 5.9895e-19 6.61767e-37 7.40482e-13 -3.6856e-38 
-2.45058e-09 5.97586e-18 4.38023e-19 3.59453e-19 2.03358e-37 1.16999e-13 4.4908e-39 
-2.39743e-09 5.71607e-18 5.26015e-20 1.36404e-20 9.82434e-40 2.64552e-13 -2.5346e-40 
-2.36234e-09 5.54412e-18 2.00085e-18 1.57588e-18 3.62146e-36 9.27844e-13 -1.17125e-37 
-2.36441e-09 5.55524e-18 8.70318e-19 5.9895e-19 6.61767e-37 7.40665e-13 -3.68563e-38 
-2.39743e-09 5.71607e-18 5.26015e-20 1.36404e-20 9.82432e-40 2.64451e-13 -2.53458e-40 
-2.46457e-09 6.04468e-18 1.60673e-19 1.16466e-19 2.68251e-38 8.35604e-14 1.07858e-39 
-2.4758e-09 6.10024e-18 7.99887e-26 1.30301e-26 0 -7.93412e-15 -0 
-2.35449e-09 5.50602e-18 3.80561e-18 3.22026e-18 1.32408e-35 1.08904e-12 -2.67807e-37 
