7 48 3
-8.57985 17.1621 15.9916 16.0022 31.9989 11.579 -35.0725 0
-9.03753 18.0955 17.5715 17.6256 35.2206 11.643 -37.9736 1
-8.93179 17.873 20.1616 20.7049 40.6828 12.8733 41.3553 2
-8.90214 17.8125 19.3575 19.6159 38.7638 12.626 39.8567 2
-8.79187 17.5898 16.7229 16.7405 33.4583 11.952 36.3729 1
-8.44566 16.8924 15.6968 15.7011 31.3924 12.447 35.0061 1
-8.38686 16.7746 15.0156 15.0178 30.032 12.2201 34.4493 1
-8.95888 17.9285 18.7995 18.9426 37.5907 12.3197 38.9977 2
-8.54486 17.0917 16.3135 16.3332 32.6539 11.5307 -35.1909 0
-8.61901 17.2409 16.0921 16.1036 32.2007 11.5629 -35.2618 0
-8.95043 17.9111 20.1612 20.7051 40.683 12.836 41.3554 2
-8.93736 17.8844 19.3575 19.6167 38.7653 12.5537 39.8587 2
-8.95489 17.9219 19.357 20.0053 39.2985 11.9195 -39.7858 2
-8.54368 17.0894 16.6198 16.6462 33.262 11.9553 -35.5942 1
-8.93179 17.873 20.1616 20.7049 40.6828 12.8736 41.3553 2
-8.93179 17.873 20.1616 20.7049 40.6828 12.8734 41.3553 2
-8.93179 17.873 20.1616 20.7049 40.6828 12.8737 41.3553 2
-8.68146 17.3667 16.1837 16.1948 32.3808 11.6068 -35.6918 0
-8.70183 17.4077 16.2255 16.2365 32.4628 11.6378 -35.9463 0
-8.95607 17.9227 19.3577 19.6173 38.7664 12.5144 39.8604 0
-8.61845 17.2398 16.0376 16.0479 32.0897 11.5905 -35.2667 0
-8.4818 16.9648 17.4515 17.4822 34.887 12.9528 37.1367 1
-8.65404 17.3116 16.1146 16.1251 32.2446 11.8391 -35.5835 1
-8.70672 17.4178 16.2671 16.2789 32.5504 11.8276 -36.112 1
-8.28782 16.5762 14.5662 14.5678 29.134 12.0691 -33.9521 1
-8.91391 17.8365 20.1619 20.7047 40.6827 12.9098 41.3552 2
-8.59901 17.2007 16.0402 16.0512 32.0966 11.5708 -35.1635 0
-9.26508 18.5844 18.8973 19.1114 37.908 11.6598 39.157 0
-8.95489 17.9219 19.357 20.0053 39.2985 11.9194 -39.7858 0 
-9.32736 18.7279 20.3483 21.1255 41.5087 12.1625 41.8883 0
-8.93591 17.8828 19.3508 19.9939 39.2744 11.9554 -39.77 0
-8.93736 17.8844 19.3575 19.6167 38.7653 12.5538 39.8587 2
-8.89673 17.8015 20.1618 20.7044 40.6822 12.9455 41.3543 2
-8.86038 17.728 17.0922 17.1148 34.1849 11.8974 36.8661 0
-9.54259 19.3638 20.1865 21.2808 -42.1014 11.4223 42.3119 0 
-9.3008 18.6656 19.6781 20.1545 39.6642 11.9143 40.4404 0
-8.42648 16.8539 15.4033 15.4065 30.8064 12.3562 34.704 1
-8.8126 17.6318 16.8179 16.8376 33.6492 11.9392 36.4787 1
-9.36952 18.8465 19.0086 19.3875 38.5516 11.2328 -39.2945 0
-8.59919 17.2011 16.1079 16.1203 32.2343 11.5456 -35.1809 0
-8.94036 17.8906 18.7989 18.9416 37.5886 12.359 38.9945 0
-8.90539 17.8192 18.798 18.9401 37.5853 12.4329 38.9895 2
-8.93179 17.873 20.1616 20.7049 40.6828 12.8736 41.3553 2
-8.7893 17.5842 16.5592 16.5732 33.1267 11.7221 36.7627 0
-9.42314 18.9852 19.0465 19.4119 38.6451 11.197 -39.6558 0
-8.89377 17.7958 17.4873 17.5215 34.9692 11.9995 37.288 0
-8.8856 17.7806 19.7857 20.5637 40.4419 12.5102 -40.7455 1
-8.55171 17.1056 16.6297 16.6563 33.2824 11.9435 -35.611 1