7 39 3
-8.62019 17.2434 16.0737 16.0843 32.1633 11.8445 -35.3352 0
-8.44035 16.8817 15.8671 15.8723 31.7322 12.5353 35.1872 0
-8.61774 17.2385 16.1408 16.1527 32.2991 11.8344 -35.3263 0
-8.5163 17.034 16.1808 16.1883 32.3589 12.4591 35.5829 0
-8.45271 16.9065 16.4112 16.4207 32.8175 12.701 35.8315 0
-8.55072 17.1036 16.4054 16.4249 32.8314 11.9148 -35.3793 0
-8.52679 17.0555 16.3709 16.3899 32.7609 11.948 -35.3192 0
-8.44945 16.8999 16.0634 16.0699 32.124 12.5862 35.4174 0
-8.51361 17.0286 16.0747 16.0814 32.1473 12.4226 35.4632 0
-8.47093 16.943 16.5472 16.5582 33.0886 12.7014 36.0014 0
-8.60421 17.2112 16.069 16.0799 32.1542 11.8497 -35.2541 0
-8.464 16.9291 17.2284 17.2522 34.4437 12.9334 36.8506 0
-8.64618 17.2958 16.2967 16.3112 32.6145 11.7996 -35.4811 0
-8.60015 17.2031 16.2558 16.2705 32.5316 11.8404 -35.3298 0
-8.51594 17.0337 16.8966 16.9356 33.8152 12.0578 -35.8904 0
-9.09557 18.2152 18.2974 18.4031 36.6329 11.8369 38.2519 1
-8.63682 17.2764 15.9767 15.9837 31.9566 11.9206 35.7971 1
-8.92792 17.8682 17.2032 17.2405 34.4617 11.5568 -36.9445 1
-8.79578 17.5968 17.2547 17.2804 34.5023 12.1601 36.9587 1
-8.74743 17.5002 17.5351 17.6139 35.131 11.771 -36.773 1
-8.88459 17.7795 17.2054 17.2469 34.4717 11.558 -36.6686 1
-8.95676 17.9277 17.3287 17.3724 34.7224 11.5219 -37.0717 1
-9.13541 18.2998 18.5535 18.6949 37.1568 11.8414 38.5977 1
-8.68266 17.3685 16.5807 16.5928 33.159 12.1759 36.1399 1
-8.71226 17.4279 19.3569 19.6129 38.7583 13.0196 39.8492 1
-8.79293 17.5926 17.3936 17.456 34.8512 11.6727 -36.648 1
-8.62469 17.252 15.9058 15.9123 31.8153 11.889 35.9123 1
-8.67702 17.3572 16.3422 16.3518 32.6845 12.0656 35.9225 1
-8.68783 17.3787 18.0068 18.0648 35.9919 12.651 37.878 1
-8.92026 17.8524 17.1455 17.1796 34.3406 11.5799 -36.9722 1
-9.08851 18.2005 18.0989 18.1839 36.2382 11.7678 38.0317 1
-8.62628 17.2553 18.0603 18.2226 36.1793 12.1305 -37.4335 2
-8.61073 17.2236 18.3585 18.4444 36.6917 12.9318 38.3477 2
-8.62025 17.2429 19.279 19.8652 39.0077 12.5775 -39.5961 2
-8.62666 17.2562 17.6988 17.8025 35.4411 12.0325 -36.9314 2
-8.62628 17.2553 18.0603 18.2226 36.1793 12.1304 -37.4335 2
-8.62025 17.2429 19.279 19.8652 39.0077 12.5777 -39.5961 2
-8.60826 17.2186 18.7941 18.9338 37.5715 13.078 38.9671 2
-8.6281 17.2592 17.4196 17.4921 34.8781 11.963 -36.5722 2
